mean:0.5931853000000001
stddev:0.002784764703804526
95% confidence:0.5914592849545135, 0.5949113150454868
elapsedTime:2.319s
